1898912715 0 159034880
0 781591504 125461131
4234890433 2427770485 8749678
176481534 1845116986 384152450
822014814 539693831 241897673
125461131 907052635 47763268
1476125220 244008638 19613711
3828547378 4170474998 124492298
2643114268 2457193301 126243103
173224399 2229269436 3257135
2916187764 3376015556 236473226
764735505 186729329 57279309
2427770485 3802085897 160735547
2895514626 2436520163 20673138
3152660990 2671736916 584987016
1495738931 1131222975 403173784
1339983969 1534396759 136141251
2588506032 3612488782 54608236
3737648006 2583436404 88300512
737041056 159034880 27694449
2057947595 1677521625 167595361
1063912487 263622349 276071482
3953039676 4041226796 129248202
2225542956 1670538010 6983615
560633984 954815903 176407072
2847762723 3328263653 47751903
2769357371 3962821444 78405352
3825948518 3256723932 2598860
4082287878 3667097018 134988879
4243640111 3276936468 51327185
4217276757 3259322792 17613676