527906959 2908176499 284796856
1306013866 0 139756297
500839409 1466481782 27067550
1269694476 139756297 36319390
0 778456518 2402633
4218077327 4154765934 76889969
812703815 4004150799 56130996
153843304 3657154694 8975056
2402633 905946004 132694584
3795108796 2776082693 132093806
3927202602 1422228955 44252827
1445770163 1493549332 1282533361
3794865694 780859151 243102
2728303524 176075687 602380831
162818360 3666129750 338021049
3330684355 3319846298 337308396
4154765934 4231655903 63311393
135097217 887199917 18746087
3667992751 3192973355 126872943
3971455429 781102253 88826366
1252423178 869928619 17271298
868834811 1038640588 383588367