2621973104 3678827401 230150807
1333642604 1531317439 615453278
3364444750 2854318675 314483239
2978187907 3908978208 107198609
1117308885 1110453605 216333719
1951157390 4016176817 152726483
4168382203 2717095112 26843204
0 312822387 5553076
287414983 245463475 67358912
1949095882 2597527252 2061508
3836867339 1522015715 9301724
648138229 2599588760 117506352
4132690450 1486323962 35691753
2852123911 4168903300 126063996
2468610361 3525464658 153362743
526108840 988424216 122029389
5553076 0 148736111
3265904462 1326787324 98540288
4195225407 716774234 17303853
181751976 318375463 105663007
843084177 3275513023 249951635
2214264232 734078087 254346129
154289187 218000686 27462789
3146382866 684048190 32726044
765644581 2433292104 77439596
3179108910 2510731700 86795552
3846169063 2146770717 286521387
2103883873 2743938316 110380359
3085386516 1425327612 60996350
3678927989 526108840 157939350
4212529260 3193074987 82438036
354773895 148736111 69264575
1093035812 3168801914 24273073