1008510114 1939290935 27755995
2205283444 4197517502 16218189
1119061522 3123774174 108864966
1566495924 221087407 33939034
3089618547 3728555042 25452278
2341294643 3455988869 16076350
2286651827 3754007320 54642816
704748216 2542375745 76754089
445299830 3938069116 259448386
1036266109 1300576315 82795413
178337856 1565003866 40230920
2122934367 1605234786 81339593
1484902828 980285858 81593096
2823460240 1967046930 266158307
3827446421 1526750766 38253100
984919715 1161567987 23590399
218568776 1061878954 99689033
4049237602 3232639140 223349729
953670836 2233205237 3881060
318257809 3472065219 89705062
1727156113 3113814046 9960128
3733360236 444372828 94086185
4272587331 3688491436 22379965
910921285 178337856 42749551
781502305 3808650136 129418980
957551896 2798966448 27367819
1870217811 1686574379 252716556
407962871 2998327877 37336959
2508087592 2826334267 171993610
1600434958 3561770281 126721155
3865699521 812829188 167456670
1737116241 1185158386 115417929
1852534170 3710871401 17683641
3420360273 255026441 38629788
1227926488 2620139318 178827130
4033156191 4250190027 16081411
2204273960 2619129834 1009484
2250197491 4213735691 36454336
2680081202 1383371728 143379038
3458990061 538459013 274370175
3115070825 2237086297 305289448
2357370993 293656229 150716599
1406753618 3035664836 78149210
2221501633 4266271438 28695858