2849843584 4147982382 56632112
3849085050 3618212322 355529444
1632881348 407047779 65646492
3056274757 2246063521 686771203
2729873863 4028012661 26534599
3779070915 1543896540 70014135
2571854216 2932834724 91402738
2192942437 1028113266 378911779
2960746591 932585100 95528166
765942740 0 407047779
2663256954 1441254676 66616909
2756408462 4054547260 93435122
1698527840 1407025045 34229631
0 3024237462 156854744
3743045960 1507871585 36024955
156854744 3181092206 437120116
1172990519 472694271 459890829
2906475696 3973741766 54270895
593974860 2074095641 171967880
1732757471 1613910675 460184966